0 384 236547441 495796172 651803349 247782855 0011 0202
1 385 237162649 496718983 632931964 249565958 0011 0202
2 386 237777857 497641796 649852669 249749687 0011 0202
3 387 238393065 498564607 899354185 249234927 0112 2020
4 388 239008273 499487420 1146774464 251888410 1122 0202
5 389 239623481 500410231 651932252 249204037 0011 0202
6 390 240238688 501333043 1134410160 251646911 1122 0202
7 391 240853896 502255855 886592500 251013495 0112 2020
8 392 241469104 503178667 649614014 251752013 0011 0202
9 393 242084312 504101481 1156230370 251002828 1122 0202
10 394 242699520 505024292 630926580 253517349 0011 0202
11 395 243314728 505947105 1122194277 268658748 1122 0202
12 396 243929936 506869916 1121071391 270302352 1122 0202
13 397 244545144 507792724 1159605874 251751692 1122 0202
14 398 245160352 508715539 1143504615 252218761 1122 0202
15 399 245775560 509638351 1159014343 253770563 1122 0202
16 400 246390768 510561165 652041841 246893692 0011 0202
17 401 247005975 511483973 630611555 255852811 0011 0202
18 402 247621183 512406787 647620234 256080084 0011 0202
19 403 248236391 513329599 649607411 249439854 0011 0202
20 404 248851599 514252411 884357455 264692804 0112 2020
21 405 249466807 515175221 1131243722 266091736 1122 0202
22 406 250082015 516098033 618012375 266438454 0011 0202
23 407 250697223 517020845 1132934611 266900294 1122 0202
24 408 251312431 517943657 647839619 251521555 0011 0202
25 409 251927639 518866469 887019685 266773125 0112 2020
26 410 252542847 519789283 916286041 251344090 0112 2020
27 411 253158055 520712093 899125316 252197905 0112 2020
28 412 253773262 521634901 886924633 267879617 0112 2020
29 413 254388470 522557715 615837723 268614760 0011 0202
30 414 255003678 523480528 901223102 253313143 0112 2020
31 415 255618886 524403340 901459237 253693861 0112 2020
32 416 256234094 525326149 1172611657 254317106 1122 0202
33 417 256849302 526248963 901222480 255851998 0112 2020
34 418 257464510 527171776 652135195 263585948 0011 0202
35 419 258079718 528094587 630509822 272713481 0011 0202
36 420 258694926 529017403 886352886 273174687 0112 2020
37 421 259310134 529940212 901589655 263695337 0112 2020
38 422 259925342 530863024 633154540 266249779 0011 0202
39 423 260540549 531785836 618251815 266012128 0011 0202
40 424 261155757 532708645 618103729 266475286 0011 0202
41 425 261770965 533631459 634880951 266816589 0011 0202
42 426 262386173 534554271 903361557 266228684 0112 2020
43 427 263001381 535477084 630731493 268675480 0011 0202
44 428 263616589 536399893 634881008 268435764 0011 0202
45 429 264231797 537322707 918475450 268546888 0112 2020
46 430 264847005 538245519 901265650 270056594 0112 2020
47 431 265462213 539168332 1153217989 270677859 1122 0202
48 432 266077421 540091143 651811306 268111823 0011 0202
49 433 266692629 541013955 1159121009 268435454 1122 0202
50 434 267307836 541936764 1158321640 269970623 1122 0202
51 435 267923044 542859577 901589872 272324776 0112 2020
52 436 268538252 543782388 1193585012 270675896 1122 0202
53 437 269153460 544705203 920110445 272349091 0112 2020
54 438 269768668 545628013 920340489 272763050 0112 2020
55 439 270383876 546550827 616016964 282937872 0011 0202
56 440 270999084 547473639 616283268 283113848 0011 0202
57 441 271614292 548396451 884501697 282468725 0112 2020
58 442 272229500 549319261 632924098 266338537 0011 0202
59 443 272844708 550242073 1185362941 266570678 1122 0202
60 444 273459916 551164885 1203056512 266259626 1122 0202
61 445 274075123 552087697 920369204 266609836 0112 2020
62 446 274690331 553010507 649382893 268436994 0011 0202
63 447 275305539 553933319 614372063 285128987 0011 0202
64 448 275920747 554856132 903564925 284552016 0112 2020
65 449 276535955 555778945 1186603969 270625977 1122 0202
66 450 277151163 556701757 1172846668 285536602 1122 0202
67 451 277766371 557624569 884451882 287315512 0112 2020
68 452 278381579 558547380 651719428 268665621 0011 0202
69 453 278996787 559470191 1209493424 270302154 1122 0202
70 454 279611995 560393005 1176648450 287531443 1122 0202
71 455 280227203 561315815 899584712 279656081 0112 2020
72 456 280842410 562238627 1175979791 289622054 1122 0202
73 457 281457618 563161437 916376325 281581393 0112 2020
74 458 282072826 564084251 616248786 283115582 0011 0202
75 459 282688034 565007061 1198031532 283346851 1122 0202
76 460 283303242 565929875 918143311 282960840 0112 2020
77 461 283918450 566852685 884912210 300199490 0112 2020
78 462 284533658 567775497 1198470432 285120797 1122 0202
79 463 285148866 568698309 649621335 268667224 0011 0202
80 464 285764074 569621124 884274660 301634666 0112 2020
81 465 286379282 570543935 882255290 302115942 0112 2020
82 466 286994490 571466748 884682050 302622369 0112 2020
83 467 287609697 572389557 1207281029 285211057 1122 0202
84 468 288224905 573312369 1225202364 268667764 1122 0202
85 469 288840113 574235184 618352012 284974609 0011 0202
86 470 289455321 575157995 1224720965 270763084 1122 0202
87 471 290070529 576080805 616053033 287085266 0011 0202
88 472 290685737 577003617 884683863 306232697 0112 2020
89 473 291300945 577926428 635341941 280574333 0011 0202
90 474 291916153 578849243 631055801 289270198 0011 0202
91 475 292531361 579772055 903608141 289886675 0112 2020
92 476 293146569 580694865 1213770359 282884129 1122 0202
93 477 293761777 581617680 632838669 283352355 0011 0202
94 478 294376985 582540491 635029367 282885593 0011 0202
95 479 294992192 583463300 1216709315 283116932 1122 0202
96 480 295607400 584386111 1217537395 284853676 1122 0202
97 481 296222608 585308925 903598586 299875338 0112 2020
98 482 296837816 586231737 632700832 285772471 0011 0202
99 483 297453024 587154547 1222192069 285297961 1122 0202
100 484 298068232 588077359 632827672 285536310 0011 0202
101 485 298683440 589000172 630825631 287215763 0011 0202
102 486 299298648 589922987 901461095 304470479 0112 2020
103 487 299913856 590845795 898936781 305955411 0112 2020
104 488 300529064 591768607 899030206 306554331 0112 2020
105 489 301144272 592691419 633162022 286857706 0011 0202
106 490 301759479 593614228 633255499 287318320 0011 0202
107 491 302374687 594537043 631073478 288926772 0011 0202
108 492 302989895 595459853 1213626687 297887499 1122 0202
109 493 303605103 596382667 630746891 289730281 0011 0202
110 494 304220311 597305481 616477414 299654374 0011 0202
111 495 304835519 598228291 918058247 298104913 0112 2020
112 496 305450727 599151101 916371020 299250300 0112 2020
113 497 306065935 600073915 920233847 298100049 0112 2020
114 498 306681143 600996725 616161523 301658123 0011 0202
115 499 307296351 601919539 1216204660 301897400 1122 0202
116 500 307911559 602842352 618257181 300208230 0011 0202
117 501 308526766 603765163 1217583121 301997784 1122 0202
118 502 309141974 604687975 920379057 302339123 0112 2020
119 503 309757182 605610787 920093934 301756842 0112 2020
120 504 310372390 606533597 614276986 304200116 0011 0202
121 505 310987598 607456409 614151267 303846798 0011 0202
122 506 311602806 608379220 1226491205 302211921 1122 0202
123 507 312218014 609302032 1227409365 302458718 1122 0202
124 508 312833222 610224845 616007151 304087056 0011 0202
125 509 313448430 611147657 920011964 305525435 0112 2020
126 510 314063638 612070468 920335158 305876774 0112 2020
127 511 314678846 612993283 1226724600 306501236 1122 0202
