496752156 496752156 630970098 765188040 899405982 anchor_completion
496982320 496982320 630970098 764957876 898945654 anchor_completion
497920111 633150948 882157892 1131164836 1380171780 rectangle
497996791 632931985 882813045 1132694105 1382575165 rectangle
498150275 498150275 632598471 767046667 901494863 anchor_completion
498226955 630831502 882161323 1133491144 1384820965 rectangle
498380439 498380439 632598471 766816503 901034535 anchor_completion
499318179 632693484 882398513 1132103542 1381808571 rectangle
499394901 632694237 882344919 1131995601 1381646283 rectangle
499471663 632607882 882389653 1132171424 1381953195 rectangle
499548343 630499651 882490166 1134480681 1386471196 rectangle
499625065 632924401 882575083 1132225765 1381876447 rectangle
499701827 630507827 882575084 1134642341 1386709598 rectangle
499778507 632693484 882628677 1132563870 1382499063 rectangle
500017275 647712117 765152928 882593739 1000034550 anchor_completion
500093955 618478842 884258673 1150038504 1415818335 rectangle
500247439 500247439 634695635 769143831 903592027 anchor_completion
500324119 632690669 882806789 1132922909 1383039029 rectangle
500477603 618377175 884348830 1150320485 1416292140 rectangle
501415343 617916762 884357166 1150797570 1417237974 rectangle
501492065 618010253 884489018 1150967783 1417446548 rectangle
501568827 617925039 884442306 1150959573 1417476840 rectangle
501645507 630738450 882490414 1134242378 1385994342 rectangle
501722229 630839741 882583520 1134327299 1386071078 rectangle
501798991 630686622 882634697 1134582772 1386530847 rectangle
501875671 617916762 884587330 1151257898 1417928466 rectangle
502114439 617925396 884715469 1151505542 1418295615 rectangle
502191119 651675226 769244230 886813234 1004382238 anchor_completion
502344603 502344603 634695635 767046667 899397699 anchor_completion
502421283 634798985 884910209 1135021433 1385132657 rectangle
502574767 502574767 634695635 766816503 898937371 anchor_completion
503512476 630516734 882388054 1134259374 1386130694 rectangle
503742640 630503385 882489787 1134476189 1386462591 rectangle
503972804 630746898 882618218 1134489538 1386360858 rectangle
504288252 631062282 884254990 1137447698 1390640406 rectangle
504518416 630963777 884271567 1137579357 1390887147 rectangle
505064028 632920895 884357409 1135793923 1387230437 rectangle
505294192 630746264 884441942 1138137620 1391833298 rectangle
505839804 630516734 884485218 1138453702 1392422186 rectangle
506069968 630503385 884586951 1138670517 1392754083 rectangle
506615580 630832118 884254990 1137677862 1391100734 rectangle
507391356 618165357 750371142 882576927 1014782712 anchor_completion
507706804 630516734 884485218 1138453702 1392422186 rectangle
508167132 614371752 748359256 882346760 1016334264 anchor_completion
509104881 632690317 886360093 1140029869 1393699645 rectangle
509181603 616375020 750371082 884367144 1018363206 anchor_completion
509258365 618481051 882636813 1146792575 1410948337 rectangle
509335045 616017086 750234754 884452422 1018670090 anchor_completion
509411767 615913679 886352295 1156790911 1427229527 rectangle
509488529 632843506 886539191 1140234876 1393930561 rectangle
509565209 616477414 750695082 884912750 1019130418 anchor_completion
509803977 615819532 886454253 1157088974 1427723695 rectangle
509880657 615913149 886586210 1157259271 1427932332 rectangle
509957379 615827774 886539196 1157250618 1427962040 rectangle
510034141 632613888 886582379 1140550870 1394519361 rectangle
510110821 630833703 886046746 1141259789 1396472832 rectangle
510187543 632600065 886692184 1140784303 1394876422 rectangle
510264305 615819532 886684417 1157549302 1428414187 rectangle
510502991 615828397 886812625 1157796853 1428781081 rectangle
510579753 618120858 752467074 886813290 1021159506 anchor_completion
510656433 618379434 752690578 887001722 1021312866 anchor_completion
510733155 618121722 752569918 887018114 1021466310 anchor_completion
510809917 632690371 887000040 1141309709 1395619378 rectangle
510886597 615823483 886999514 1158175545 1429351576 rectangle
510963319 630826541 886354140 1141881739 1397409338 rectangle
511202045 618018515 882166143 1146313771 1410461399 rectangle
511278767 614277856 750371082 886464308 1022557534 anchor_completion
511432209 618010262 882161711 1146313160 1410464609 rectangle
511508931 614047692 750371082 886694472 1023017862 anchor_completion
511662373 618018515 882396307 1146774099 1411151891 rectangle
511901141 630595344 886591854 1142588364 1398584874 rectangle
511977821 618010536 882388055 1146765574 1411143093 rectangle
512054543 617925582 882388198 1146850814 1411313430 rectangle
512131305 630916823 886777954 1142639085 1398500216 rectangle
512207985 617611288 882261886 1146912484 1411563082 rectangle
512284707 617920284 882497982 1147075680 1411653378 rectangle
512361469 630595344 886822018 1143048692 1399275366 rectangle
512600155 617933151 882621837 1147310523 1411999209 rectangle
512676917 630611135 886903654 1143196173 1399488692 rectangle
512753597 630501268 886924006 1143346744 1399769482 rectangle
512830319 512830319 647372026 781913733 916455440 anchor_completion
512907081 651564814 899583010 1147601206 1395619402 rectangle
512983761 649791449 898943303 1148095157 1397247011 rectangle
513060483 616280006 882251505 1148223004 1414194503 rectangle
513299209 513299209 647517151 781735093 915953035 anchor_completion
513375931 649604191 898952130 1148300069 1397648008 rectangle
513529373 513529373 647747315 781965257 916183199 anchor_completion
513606095 649475722 898938743 1148401764 1397864785 rectangle
513759537 513759537 647747315 781735093 915722871 anchor_completion
514697328 615836007 882621859 1149407711 1416193563 rectangle
514927492 514927492 649375688 783823884 918272080 anchor_completion
515004172 649837852 898951514 1148065176 1397178838 rectangle
516095396 647370363 899173487 1150976611 1402779735 rectangle
516248880 616015189 882481618 1148948047 1415414476 rectangle
516479044 615916411 882497922 1149079433 1415660944 rectangle
516555724 647370363 899403651 1151436939 1403470227 rectangle
516794492 630934900 765152928 899370956 1033588984 anchor_completion
516871172 630703681 765049902 899396123 1033742344 anchor_completion
517024656 517024656 651472852 785921048 920369244 anchor_completion
517254820 517254820 651472852 785690884 919908916 anchor_completion
518192560 613416960 882159816 1150902672 1419645528 rectangle
518346044 618248617 884595748 1150942879 1417290010 rectangle
518422724 613416960 882312746 1151208532 1420104318 rectangle
518576208 613909405 882634697 1151359989 1420085281 rectangle
518968336 634898009 769244230 903590451 1037936672 anchor_completion
519121820 519121820 651472852 783823884 916174916 anchor_completion
519198500 647740688 898951514 1150162340 1401373166 rectangle
519351984 519351984 651472852 783593720 915714588 anchor_completion
520289693 613726168 882259623 1150793078 1419326533 rectangle
520366455 613816234 882388070 1150959906 1419531742 rectangle
520443135 613724106 882334282 1150944458 1419554634 rectangle
520519857 613739517 882388054 1151036591 1419685128 rectangle
520596619 613866056 882490166 1151114276 1419738386 rectangle
520673299 613909367 882634625 1151359883 1420085141 rectangle
520750021 613726168 882489787 1151253406 1420017025 rectangle
521065469 616382229 884254990 1152127751 1420000512 rectangle
521142231 613722368 882728830 1151735292 1420741754 rectangle
521295633 616283724 884271567 1152259410 1420247253 rectangle
521372395 616237041 884263265 1152289489 1420315713 rectangle
521449075 616281598 884346162 1152410726 1420475290 rectangle
521687843 613962528 882397986 1150833444 1419268902 rectangle
521764523 616049762 884272050 1152494338 1420716626 rectangle
521841245 616004180 884264829 1152525478 1420786127 rectangle
521918007 615974452 884273482 1152572512 1420871542 rectangle
521994687 615921203 884258573 1152595943 1420933313 rectangle
522071409 616066211 884441942 1152817673 1421193404 rectangle
522148171 614372054 884673912 1154975770 1425277628 rectangle
522386857 615823332 884356787 1152890242 1421423697 rectangle
522463619 615913398 884485234 1153057070 1421628906 rectangle
522540299 615821270 884431446 1153041622 1421651798 rectangle
522617021 615836681 884485218 1153133755 1421782292 rectangle
522693783 615963220 884587330 1153211440 1421835550 terminal_full
522770463 616006531 884731789 1153457047 1422182305 rectangle
522847185 615823332 884586951 1153350570 1422114189 rectangle
523162633 614285065 884254990 1154224915 1424194840 rectangle
523239395 614199239 884254283 1154309327 1424364371 rectangle
523392797 614186560 884271567 1154356574 1424441581 rectangle
523469559 614186622 884356746 1154526870 1424696994 rectangle
523546239 614184434 884346162 1154507890 1424669618 rectangle
523785007 613740961 884179746 1154618531 1425057316 rectangle
523861687 652026677 783925576 915824475 1047723374 anchor_completion
523938409 613952622 884357171 1154761720 1425166269 rectangle
524015171 651667618 783788526 915909434 1048030342 anchor_completion
524091851 651796513 783925576 916054639 1048183702 anchor_completion
524168573 651719791 783925576 916131361 1048337146 anchor_completion
524245335 652127946 784248854 916369762 1048490670 anchor_completion
524484021 613726168 884356787 1154987406 1425618025 rectangle
524560783 613816234 884485234 1155154234 1425823234 rectangle
524637463 613724106 884431446 1155138786 1425846126 rectangle
524714185 613739517 884485218 1155230919 1425976620 rectangle
524790947 613866056 884587330 1155308604 1426029878 rectangle
524867627 613909367 884731789 1155554211 1426376633 rectangle
524944349 647926186 781913690 915901194 1049888698 anchor_completion
525958820 649929454 783925516 917921578 1051917640 anchor_completion
526734596 612368384 884904614 1157440844 1429977074 rectangle
527280208 651906320 786124352 920342384 1054560416 anchor_completion
527510372 651676156 786124352 920572548 1055020744 anchor_completion
528055984 647832290 783925516 920018742 1056111968 anchor_completion
528286148 647602126 783925516 920248906 1056572296 anchor_completion
528831760 618333812 882634610 1146935408 1411236206 rectangle
529061924 617928898 882574942 1147220986 1411867030 rectangle
529377372 618146604 882720208 1147293812 1411867416 rectangle
529607536 529607536 647372026 765136516 882901006 anchor_completion
529837700 616143561 882157911 1148172261 1414186611 rectangle
530153148 616562712 882593625 1148624538 1414655451 rectangle
530383312 615921288 882161526 1148401764 1414642002 rectangle
537066907 613818133 882397526 1150976919 1419556312 rectangle
537143629 613647124 882261487 1150875850 1419490213 rectangle
537220391 613730993 882388077 1151045161 1419702245 rectangle
537297071 613731355 882353765 1150976175 1419598585 terminal_full
537373793 614046195 882575459 1151104723 1419633987 rectangle
537450555 613725689 882497856 1151270023 1420042190 rectangle
537527235 613818133 882627690 1151437247 1420246804 rectangle
537842683 613866056 882720492 1151574928 1420429364 rectangle
537919405 613724055 882729697 1151735339 1420740981 rectangle
538072847 613815137 882805621 1151796105 1420786589 rectangle
538149569 614186648 884356722 1154526796 1424696870 rectangle
538226331 614046739 884255194 1154463649 1424672104 rectangle
538465017 615913402 884263246 1152613090 1420962934 rectangle
538541779 616049757 884272067 1152494377 1420716687 rectangle
