97530521 649382893 715447303 781511713 847576123 rectangle
97530523 649382889 715447301 781511713 847576125 rectangle
97530825 649382226 715447586 781512946 847578306 rectangle
97530828 649382161 715447524 781512887 847578250 rectangle
97530951 649382242 715447728 781513214 847578700 rectangle
97531077 649382464 715447834 781513204 847578574 rectangle
97531136 649382853 715448524 781514195 847579866 rectangle
97532735 645922818 713918132 781913446 849908760 rectangle
97533283 649385481 715450043 781514605 847579167 rectangle
97536540 649620823 747557908 845494993 943432078 rectangle
97536961 711719722 768923547 826127372 883331197 rectangle
97536963 728684037 769017174 809350311 849683448 rectangle
97537557 728688283 769021717 809355151 849688585 rectangle
97537585 711723985 768928122 826132259 883336396 rectangle
97537587 649393914 715454348 781514782 847575216 rectangle
97537743 649621216 747559504 845497792 943436080 rectangle
97537767 711723869 768928097 826132325 883336553 rectangle
97537935 649577454 715649924 781722394 847794864 rectangle
97538116 649581259 748167957 846754655 945341353 rectangle
97538117 716105680 764827850 813550020 862272190 rectangle
97538177 715914494 764729522 813544550 862359578 rectangle
97538236 649374698 715550070 781725442 847900814 rectangle
97538239 728688420 769022195 809355970 849689745 rectangle
97538420 614141269 730135234 846129199 962123164 rectangle
97538479 728687694 769021589 809355484 849689379 rectangle
97538480 649580895 748167957 846755019 945342081 rectangle
97538541 716104199 764827530 813550861 862274192 rectangle
97538588 649371662 747958832 846546002 945133172 rectangle
97541911 649580866 715657070 781733274 847809478 rectangle
97542335 649581234 715657458 781733682 847809906 rectangle
97542457 649578970 715655962 781732954 847809946 rectangle
97542517 649579637 715656447 781733257 847810067 rectangle
97543811 649577999 715656345 781734691 847813037 rectangle
97544115 649578039 715656447 781734855 847813263 rectangle
97545168 649577611 715657072 781736533 847815994 rectangle
97545721 649572458 715652714 781732970 847813226 rectangle
97545904 649572397 715652836 781733275 847813714 rectangle
97545907 649572373 715652815 781733257 847813699 rectangle
97545909 649572371 715652815 781733259 847813703 rectangle
97546780 649571138 715652211 781733284 847814357 rectangle
97546867 649570454 715651856 781733258 847814660 rectangle
97546868 649571013 715652174 781733335 847814496 rectangle
97546928 649571139 715652360 781733581 847814802 rectangle
97547291 649569238 715651064 781732890 847814716 rectangle
97547292 649569300 715651127 781732954 847814781 rectangle
97547413 649569845 715651551 781733257 847814963 rectangle
97548207 649569870 715652370 781734870 847817370 rectangle
97554189 614141890 730151624 846161358 962171092 rectangle
97556029 649569194 748173805 846778416 945383027 rectangle
97556041 649563334 748167957 846772580 945377203 rectangle
97556099 649569199 748173880 846778561 945383242 rectangle
97556697 711747971 768914928 826081885 883248842 rectangle
97557305 649564496 748170383 846776270 945382157 rectangle
97557705 649561670 748167957 846774244 945380531 rectangle
97629421 711590148 813652256 915714364 1017776472 rectangle
97630409 711586215 813649311 915712407 1017775503 rectangle
97630517 711586307 813649511 915712715 1017775919 rectangle
97630577 711586425 813649689 915712953 1017776217 rectangle
97630580 711586393 813649660 915712927 1017776194 rectangle
97630581 649392162 715557278 781722394 847887510 rectangle
97630639 711586365 813649691 915713017 1017776343 rectangle
97630640 649392044 715557219 781722394 847887569 rectangle
97630641 711583300 813646628 915709956 1017773284 rectangle
97630700 711585576 813648963 915712350 1017775737 rectangle
97630701 711586171 813649559 915712947 1017776335 rectangle
97630761 711585576 813649024 915712472 1017775920 rectangle
97630764 711585102 813648553 915712004 1017775455 rectangle
97630820 711585332 813648839 915712346 1017775853 rectangle
97630821 711585334 813648842 915712350 1017775858 rectangle
97630823 711585320 813648830 915712340 1017775850 rectangle
97630883 711585200 813648770 915712340 1017775910 rectangle
97630884 711585165 813648736 915712307 1017775878 rectangle
97630940 711585133 813648760 915712387 1017776014 rectangle
97630941 711585070 813648698 915712326 1017775954 rectangle
97630943 711584293 813647923 915711553 1017775183 rectangle
97631001 711585252 813648940 915712628 1017776316 rectangle
97631015 711585224 813648926 915712628 1017776330 rectangle
97638893 649386114 715559542 781732970 847906398 rectangle
97639137 649385748 715559420 781733092 847906764 rectangle
97649275 711558798 813640760 915722722 1017804684 rectangle
97649277 711558810 813640774 915722738 1017804702 rectangle
99601311 647515241 715651087 783786933 851922779 rectangle
101698475 617927174 751091114 884255054 1017418994 rectangle
103687149 616049822 751202678 886355534 1021508390 rectangle
103687337 649605929 752244684 854883439 957522194 rectangle
103687936 616047395 751200796 886354197 1021507598 rectangle
103688173 616053017 751206897 886360777 1021514657 rectangle
103688359 616053094 751206918 886360742 1021514566 rectangle
103688476 616052956 751206897 886360838 1021514779 rectangle
103688477 616052890 751206832 886360774 1021514716 rectangle
103690256 616050142 751206105 886362068 1021518031 rectangle
103695344 721850464 821113121 920375778 1019638435 rectangle
103695523 721850780 821113616 920376452 1019639288 rectangle
103695527 721849875 821112715 920375555 1019638395 rectangle
103695532 721851098 821113943 920376788 1019639633 rectangle
103695589 721850994 821113896 920376798 1019639700 rectangle
103695707 721850809 821113829 920376849 1019639869 rectangle
103695767 721850912 821113992 920377072 1019640152 rectangle
103695829 721850628 821113770 920376912 1019640054 rectangle
103695888 721851004 821114205 920377406 1019640607 rectangle
103695889 721850688 821113890 920377092 1019640294 rectangle
103695892 721850691 821113896 920377101 1019640306 rectangle
103695949 616039200 751200614 886362028 1021523442 rectangle
103695953 616039200 751200618 886362036 1021523454 rectangle
103696009 616039200 751200674 886362148 1021523622 rectangle
103696015 616039200 751200680 886362160 1021523640 rectangle
103696016 721851738 821115067 920378396 1019641725 rectangle
103696557 738500397 781913331 825326265 868739199 rectangle
103763855 738461632 781954951 825448270 868941589 rectangle
103763856 717715681 769482527 821249373 873016219 rectangle
103765452 649470636 717581377 785692118 853802859 rectangle
103767049 738461632 781956548 825451464 868946380 rectangle
103768592 649604641 752324651 855044661 957764671 rectangle
103768764 649424178 752144360 854864542 957584724 rectangle
103768828 649424178 752144424 854864670 957584916 rectangle
103768949 649601829 752322196 855042563 957762930 rectangle
103770188 649608052 752329658 855051264 957772870 rectangle
103770299 649424178 752145895 854867612 957589329 rectangle
103770365 649424178 752145961 854867744 957589527 rectangle
103770489 649601826 752323733 855045640 957767547 rectangle
103780587 616049837 751296131 886542425 1021788719 rectangle
103780588 616049837 751296132 886542427 1021788722 rectangle
103788821 647697299 751085575 854473851 957862127 rectangle
103788852 649394220 752134490 854874760 957615030 rectangle
103788972 717698240 769477644 821257048 873036452 rectangle
103789035 738593023 782052196 825511369 868970542 rectangle
103790033 738588872 782048544 825508216 868967888 rectangle
103793859 717526160 769469029 821411898 873354767 rectangle
103793860 649390744 752136022 854881300 957626578 rectangle
103795455 615830985 751091905 886352825 1021613745 rectangle
103795457 615830982 751091904 886352826 1021613748 rectangle
103795459 615831002 751091926 886352850 1021613774 rectangle
103795760 615829768 751090993 886352218 1021613443 rectangle
103795765 615829774 751091004 886352234 1021613464 rectangle
103822128 616007212 751294805 886582398 1021869991 rectangle
109508612 725788680 781591568 837394456 893197344 rectangle
109515227 725658524 781511427 837364330 893217233 rectangle
109515347 725658705 781511668 837364631 893217594 rectangle
109518401 651719969 756805683 861891397 966977111 rectangle
109519491 651719363 756806167 861892971 966979775 rectangle
109519613 651719363 756806289 861893215 966980141 rectangle
109519860 651718380 756805553 861892726 966979899 rectangle
109519985 651718173 756805471 861892769 966980067 rectangle
109520045 651718113 756805471 861892829 966980187 rectangle
109520107 651718051 756805471 861892891 966980311 rectangle
109520289 651718072 756805674 861893276 966980878 rectangle
109521699 651718138 756807150 861896162 966985174 rectangle
109554525 634694644 759483044 884271444 1009059844 rectangle
109560269 651908133 757035715 862163297 967290879 rectangle
109560271 651908133 757035717 862163301 967290885 rectangle
109560420 651907982 757035715 862163448 967291181 rectangle
109561131 651907574 757036018 862164462 967292906 rectangle
109562020 651906384 757035717 862165050 967294383 rectangle
109562053 651906355 757035721 862165087 967294453 rectangle
109562083 651906319 757035715 862165111 967294507 rectangle
109562084 651906299 757035696 862165093 967294490 rectangle
109562111 651906297 757035721 862165145 967294569 rectangle
109562112 651906297 757035722 862165147 967294572 rectangle
109562113 651906294 757035720 862165146 967294572 rectangle
109562115 651906294 757035722 862165150 967294578 rectangle
109562172 651906297 757035782 862165267 967294752 rectangle
109563712 651904697 757035722 862166747 967297772 rectangle
109564931 651905080 757037324 862169568 967301812 rectangle
109565257 651904723 757037293 862169863 967302433 rectangle
109566096 651904636 757038045 862171454 967304863 rectangle
109566852 651904728 757038893 862173058 967307223 rectangle
109566876 651904701 757038890 862173079 967307268 rectangle
109567552 759505785 837607872 915709959 993812046 rectangle
109567613 651898405 757033331 862168257 967303183 rectangle
109567619 651898402 757033334 862168266 967303198 rectangle
109569325 759513915 837617533 915721151 993824769 rectangle
109575747 759512157 837622197 915732237 993842277 rectangle
109575753 759512146 837622192 915732238 993842284 rectangle
109575843 759512258 837622394 915732530 993842666 rectangle
109575871 759512203 837622367 915732531 993842695 rectangle
109575872 759512201 837622366 915732531 993842696 rectangle
109575903 651711530 756872794 862034058 967195322 rectangle
109576491 651900090 757043894 862187698 967331502 rectangle
109576519 759510180 837621234 915732288 993843342 rectangle
109578407 651898190 757043910 862189630 967335350 rectangle
