3
5
21
60
61
85
303
329
336
342
1156
1535
1602
1674
1901
2816
3112
3122
4592
8053
8195
8255
12461
12518
12914
13877
43631
45255
51849
53136
82470
82854
91879
91960
93353
93475
93476
93537
93541
93778
93779
93804
94371
95091
101954
103202
103653
107252
112982
125212
140059
145087
229841
230164
230190
230199
230229
230599
231822
232041
238359
307070
307388
307459
313685
313695
314033
314059
314273
314360
315264
315265
315285
315325
315569
315593
315707
322165
322485
323442
323522
323579
323643
323878
324066
325072
325601
331712
408798
408862
410320
415781
417388
461193
553763
1447904
1459339
1541088
1541321
1542625
1543265
1559610
1678357
1678371
1681159
1681565
1771767
1771969
1772029
1772031
1773425
1773557
1774209
1774677
1774689
1774723
1776333
1779785
1779967
1780027
1781035
1781277
1781381
1781649
1781761
1783238
1783497
1787703
1790012
1824151
1858358
1858496
1858607
1865081
1865357
1865480
1866246
1866636
1866697
1866743
1866859
1867000
1870051
1908181
1909895
1918399
1942250
1948651
1958315
1960333
1970659
2000497
2002092
2003013
2003249
2004024
2004863
2004887
2005219
2011637
2011740
2013234
2017807
2018045
2020198
2021035
2051919
2052117
2053168
2082656
2083323
2084261
2084681
2088969
2094353
2094510
2095285
2095540
2095567
2095708
2096781
2097138
2097164
2097169
2097225
2097245
2097366
2097449
2097464
2098761
2099125
2100220
2105445
2105683
2105822
2106953
2106956
2107660
2111361
2111366
2138495
2140493
2160832
2179458
2180790
2182445
2188679
2190242
2190579
2190640
2190767
2205140
2207027
2234118
2235548
2245479
2325731
2327327
2328862
2329062
2335549
2337971
2410831
2411134
2412411
2412491
2419479
2420501
2420644
2420864
2422391
2422704
2512504
2515819
2515935
3876823
4097721
12165357
12258920
12265765
12487789
12490923
12520906
14262669
14271043
14356023
14362379
14362621
14362929
14364279
14449889
14584677
14586247
14595801
14757174
14763754
14764120
14766868
14772618
14868985
16453397
16453700
16538555
16538837
16545313
16547009
16672545
16672796
16673551
16675546
16675561
16675606
16678095
16682104
16682159
16683741
16701280
16768940
16775620
16775621
16778814
16861997
16870698
29530522
31125010
31217171
31363711
31644119
