76583927 862928649 901221262 939513875 977806488
76584035 617928231 692423363 766918495 841413627
76584187 748034244 766985962 785937680 804889398
76584192 860426085 920310146 980194207 1040078268
76584197 750226193 767002614 783779035 800555456
76584203 785874765 786029340 786183915 786338490
76584205 750240690 767053586 783866482 800679378
76584211 690862652 767370672 843878692 920386712
76584379 781931746 841645002 901358258 961071514
76584400 783688430 783795163 783901896 784008629
76584453 649468255 783685686 917903117 1052120548
76584493 709183234 728610185 748037136 767464087
76584561 899167617 901357497 903547377 905737257
76584877 882714971 901588655 920462339 939336023
76584983 634787896 748587591 862387286 976186981
76584985 917984338 918145200 918306062 918466924
76584991 723863902 783687644 843511386 903335128
76584993 633244546 767275262 901305978 1035336694
76584996 858081876 917897907 977713938 1037529969
76584999 804871748 862522463 920173178 977823893
76585001 711282472 769008313 826734154 884459995
76585004 801003021 860655827 920308633 979961439
76585009 649392337 709387082 769381827 829376572
76585012 752365404 769245827 786126250 803006673
76585039 771412152 845930338 920448524 994966710
76585047 630507993 707101087 783694181 860287275
76585087 768993103 769000003 769006903 769013803
76585140 767552109 843872067 920192025 996511983
76585161 630705342 707197028 783688714 860180400
76585221 858633636 899028610 939423584 979818558
76585269 783780693 783857222 783933751 784010280
76585329 915944835 918135410 920325985 922516560
76585511 695166367 769381914 843597461 917813008
76585524 826869734 903458447 980047160 1056635873
76585779 918135882 918138768 918141654 918144540
76585781 711943429 750236350 788529271 826822192
76585787 709643319 786125772 862608225 939090678
76585789 786260775 843972144 901683513 959394882
76585792 614055986 767101297 920146608 1073191919
76585797 690402148 767018265 843634382 920250499
76585805 783918052 783921094 783924136 783927178
76585807 647467458 783781963 920096468 1056410973
76585808 826810829 903314247 979817665 1056321083
76585815 647483420 783834006 920184592 1056535178
76585989 899362092 901452596 903543100 905633604
76585997 920103424 920148592 920193760 920238928
76586037 769150086 769237636 769325186 769412736
76586111 690967592 767465335 843963078 920460821
76586171 886556290 903370121 920183952 936997783
76586219 632921143 767091980 901262817 1035433654
76586279 690312527 728613562 766914597 805215632
76586292 785779872 785784619 785789366 785794113
76586300 651805321 786021453 920237585 1054453717
76586353 694698647 769152406 843606165 918059924
76586393 898947250 901132982 903318714 905504446
76586461 829199569 903534328 977869087 1052203846
76586535 692516440 748589420 804662400 860735380
76586575 711475379 785879510 860283641 934687772
76586577 692970393 769558323 846146253 922734183
76586580 634798925 748589061 862379197 976169333
76586583 901585192 901588426 901591660 901594894
76586585 917992846 917996463 918000080 918003697
76586587 903543089 903547002 903550915 903554828
76586588 862710631 920404861 978099091 1035793321
76586593 858651520 918459642 978267764 1038075886
76586601 726431384 786199270 845967156 905735042
76586603 764819352 766915222 769011092 771106962
76586607 634796101 709293314 783790527 858287740
76586608 788070856 825182565 862294274 899405983
76586609 920008039 939427418 958846797 978266176
76586613 899363761 901454024 903544287 905634550
76586615 783681163 783683058 783684953 783686848
76586617 694965299 769468701 843972103 918475505
76586621 618389172 723880571 829371970 934863369
76586623 711374441 805206742 899039043 992871344
76586628 841776350 918317568 994858786 1071400004
76586629 616300262 767378888 918457514 1069536140
76586631 614142892 690644545 767146198 843647851
76586633 765283198 862295163 959307128 1056319093
76586636 802974268 860650191 918326114 976002037
76586647 901449212 901453310 901457408 901461506
76586649 829378656 903780961 978183266 1052585571
76586657 802641211 860273728 917906245 975538762
76586660 694707205 788531112 882355019 976178926
76586661 783694119 783767054 783839989 783912924
76586677 882353730 901300550 920247370 939194190
76586679 748190638 824732534 901274430 977816326
76586681 726421344 786240927 846060510 905880093
76586685 766997900 767005756 767013612 767021468
76586688 903599491 903691859 903784227 903876595
76586695 690410861 728705292 766999723 805294154
76586708 649561374 783903317 918245260 1052587203
76586709 633065423 709609157 786152891 862696625
76586711 728253191 785928962 843604733 901280504
76586749 635123105 769225482 903327859 1037430236
76586789 618487278 769473709 920460140 1071446571
76586863 632692635 766908469 901124303 1035340137
76587031 786332952 786339700 786346448 786353196
76587044 693065337 748136063 803206789 858277515
76587052 886539475 903472963 920406451 937339939
