109581531 651895734 757044578 862193422 967342266 rectangle
109583888 651896521 757047722 862198923 967350124 rectangle
109583889 651703579 756872829 862042079 967211329 rectangle
109583949 651896521 757047783 862199045 967350307 rectangle
109584739 651702971 756873071 862043171 967213271 rectangle
109584740 651702971 756873072 862043173 967213274 rectangle
109585513 651701981 756872855 862043729 967214603 rectangle
109585515 651701980 756872856 862043732 967214608 rectangle
109585599 651701744 756872704 862043664 967214624 rectangle
109586356 651701355 756873072 862044789 967216506 rectangle
109587397 651701684 756874442 862047200 967219958 rectangle
109590915 618020167 740090500 862160833 984231166 rectangle
109590975 725650549 781494616 837338683 893182750 rectangle
109591097 725650792 781494920 837339048 893183176 rectangle
109591157 630516429 748496010 866475591 984455172 rectangle
109591196 618020328 740090862 862161396 984231930 rectangle
109591441 618020116 740090770 862161424 984232078 rectangle
109591499 618020631 740091165 862161699 984232233 rectangle
109591501 630612849 752466628 874320407 996174186 rectangle
109592325 651703274 756880960 862058646 967236332 rectangle
109592917 651885945 757046175 862206405 967366635 rectangle
109593743 630705212 744397603 858089994 971782385 rectangle
109593767 725652349 781497812 837343275 893188738 rectangle
109598787 725648549 781496522 837344495 893192468 rectangle
109632531 759483906 837650730 915817554 993984378 rectangle
109635671 759481779 837651985 915822191 993992397 rectangle
109635829 759482265 837652387 915822509 993992631 rectangle
109635855 759482224 837652372 915822520 993992668 rectangle
109635888 759481663 837652086 915822509 993992932 rectangle
109636187 759476372 837647094 915817816 993988538 rectangle
109636441 759480618 837651594 915822570 993993546 rectangle
109636503 759480978 837651774 915822570 993993366 rectangle
109636564 759481018 837651875 915822732 993993589 rectangle
109636628 759481017 837651938 915822859 993993780 rectangle
109636687 759479682 837650904 915822126 993993348 rectangle
109636747 759479626 837650908 915822190 993993472 rectangle
109636867 759480109 837651269 915822429 993993589 rectangle
109636988 759479867 837651148 915822429 993993710 rectangle
109636989 759479929 837651211 915822493 993993775 rectangle
109637049 759479625 837651209 915822793 993994377 rectangle
277075505 618388763 891031581 1163674399 1436317217 rectangle
293076981 613960808 911470476 1208980144 1506489812 rectangle
359814971 781724439 1011848490 1241972541 1472096592 rectangle
360283821 748178521 995310084 1242441647 1489573210 rectangle
360513985 747948357 995310084 1242671811 1490033538 rectangle
361605209 767368733 882157826 996946919 1111736012 terminal_full
376592188 764947222 1011848490 1258749758 1505651026 rectangle
393369405 748170005 1011848490 1275526975 1539205460 rectangle
395159643 536870912 783687516 1030504120 1277320724 rectangle
410922355 747949085 886352234 1024755383 1163158532 rectangle
411314565 747864853 886455789 1025046725 1163637661 terminal_full
411544729 747634689 886455789 1025276889 1164097989 rectangle
411936857 738197505 884350812 1030504119 1176657426 rectangle
427699572 752143351 898935108 1045726865 1192518622 terminal_full
461646173 651395886 882261887 1113127888 1343993889 rectangle
461722935 651482605 882390012 1113297419 1344204826 rectangle
461876337 651798772 882575090 1113351408 1344127726 rectangle
461953099 651474691 882498009 1113521327 1344544645 rectangle
462029779 651564698 882626476 1113688254 1344750032 rectangle
462268547 649927834 882161525 1114395216 1346628907 rectangle
462345227 649936718 882157911 1114379104 1346600297 rectangle
462421949 462421949 613740748 765059547 916378346 anchor_completion
462575391 651564691 882806447 1114048203 1345289959 rectangle
462967561 462967561 613962446 764957331 915952216 anchor_completion
463197725 463197725 614192610 765187495 916182380 anchor_completion
463351167 649939608 882497856 1115056104 1347614352 rectangle
463427889 463427889 614192610 764957331 915722052 anchor_completion
464672524 649706226 882157570 1114608914 1347060258 rectangle
465763748 649391114 882388070 1115385026 1348381982 rectangle
466224076 649621278 882618234 1115615190 1348612146 rectangle
467860912 647280203 882259241 1117238279 1352217317 rectangle
468091076 646971394 882312746 1117654098 1352995450 rectangle
468866852 647609062 882157570 1116706078 1351254586 rectangle
469958085 647373472 882398454 1117423436 1352448418 rectangle
470034765 647371031 882342474 1117313917 1352285360 rectangle
470111487 647288271 882389954 1117491637 1352593320 rectangle
470188249 647694040 882583643 1117473246 1352362849 rectangle
470264929 647604389 882575003 1117545617 1352516231 rectangle
470341651 647280384 882497149 1117713914 1352930679 rectangle
470418413 647373472 882628618 1117883764 1353138910 rectangle
470657099 647831273 884255112 1120678951 1357102790 rectangle
470733861 649936719 884255070 1118573421 1352891772 rectangle
470810541 647278489 882729699 1118180909 1353632119 rectangle
470887263 649697606 884258573 1118819540 1353380507 rectangle
470964025 647370722 882806795 1118242868 1353678941 rectangle
471040705 647741144 884356786 1120972428 1357588070 rectangle
471117427 647601109 884255112 1120909115 1357563118 rectangle
471356153 649467837 884263249 1119058661 1353854073 rectangle
471432875 647507056 884272073 1121037090 1357802107 rectangle
471509637 649382918 884255072 1119127226 1353999380 rectangle
471586317 647507117 884348855 1121190593 1358032331 rectangle
471663039 647378539 884258638 1121138737 1358018836 rectangle
471739801 649577433 884352044 1119126655 1353901266 rectangle
471816481 649467837 884493413 1119518989 1354544565 rectangle
472055249 647370642 884493556 1121616470 1358739384 rectangle
472131929 649467830 884485215 1119502600 1354519985 rectangle
472208651 647285664 884485279 1121684894 1358884509 rectangle
472285413 649391108 884485235 1119579362 1354673489 rectangle
472362093 647616893 884680604 1121744315 1358808026 rectangle
472438815 647280445 884595142 1121909839 1359224536 rectangle
472515577 647370642 884723720 1122076798 1359429876 rectangle
472754263 647831036 884255056 1120679076 1357103096 rectangle
472831025 647612501 884910678 1122208855 1359507032 rectangle
472907705 647756795 884256587 1120756379 1357256171 rectangle
472984427 647276868 884817661 1122358454 1359899247 rectangle
473061189 649479501 884910678 1120341855 1355773032 rectangle
473137869 647285144 884902658 1122520172 1360137686 rectangle
473214591 647600872 884255056 1120909240 1357563424 rectangle
473453317 647295243 884179746 1121064249 1357948752 rectangle
473530039 647370948 884255115 1121139282 1358023449 terminal_full
473606801 647600835 884357347 1121113859 1357870371 rectangle
473683481 647295243 884179746 1121064249 1357948752 rectangle
473760203 647609457 884443619 1121277781 1358111943 rectangle
473836965 651896649 886598788 1121300927 1356003066 rectangle
473913645 651943575 886684054 1121424533 1356165012 rectangle
474152413 647373472 884495618 1121617764 1358739910 rectangle
474229093 647371031 884439638 1121508245 1358576852 rectangle
474305815 647288271 884487118 1121685965 1358884812 rectangle
474382577 651709489 886684434 1121659379 1356634324 rectangle
474459257 651811282 886824567 1121837852 1356851137 rectangle
474535979 647280384 884594313 1121908242 1359222171 rectangle
474612741 647373472 884725782 1122078092 1359430402 rectangle
475627212 645922818 884690763 1123458708 1362226653 rectangle
475703892 649560866 886364230 1123167594 1359970958 rectangle
476402988 618574527 872415234 1126255941 1380096648 rectangle
476633152 649560965 886828959 1124096953 1361364947 rectangle
477025280 635256605 882157873 1129059141 1375960409 terminal_full
477255444 647609430 886352234 1125095038 1363837842 rectangle
478031220 647233538 886364230 1125494922 1364625614 rectangle
478730316 618574527 872415234 1126255941 1380096648 rectangle
478806996 647523810 886812226 1126100642 1365389058 rectangle
479045764 647507046 886914846 1126322646 1365730446 rectangle
479122444 633159501 882157911 1131156321 1380154731 rectangle
479898220 632605635 882157873 1131710111 1381262349 rectangle
481142855 633151239 882158013 1131164787 1380171561 rectangle
481219577 633159173 882157570 1131155967 1380154364 rectangle
481449741 633060941 882174420 1131287899 1380401378 rectangle
481841951 632698562 882166143 1131633724 1381101305 rectangle
482072115 632690310 882161712 1131633114 1381104516 rectangle
482540965 632600150 882259241 1131918332 1381577423 rectangle
482617727 632690608 882388080 1132085552 1381783024 rectangle
482694407 632605642 882388192 1132170742 1381953292 rectangle
482771129 632613897 882388070 1132162243 1381936416 rectangle
482847891 632600763 882406062 1132211361 1382016660 terminal_full
482924571 632600311 882497941 1132395571 1382293201 rectangle
483001293 632600150 882489405 1132378660 1382267915 rectangle
483240019 632607232 882615850 1132624468 1382633086 rectangle
483316741 635256337 884254734 1133253131 1382251528 rectangle
483546905 635158105 884271584 1133385063 1382498542 rectangle
483939115 618156840 752374569 886592298 1020810027 terminal_full
484169279 634924164 884348830 1133773496 1383198162 rectangle
484638129 634697314 884356405 1134015496 1383674587 rectangle
484714891 634787772 884485244 1134182716 1383880188 rectangle
484791571 630507921 882344964 1134182007 1386019050 rectangle
484868293 634711061 884485234 1134259407 1384033580 rectangle
484945055 630503599 882406062 1134308525 1386210988 rectangle
485021735 634880955 884731849 1134582743 1384433637 rectangle
485098457 634697314 884586569 1134475824 1384365079 rectangle
485337183 634704396 884713014 1134721632 1384730250 rectangle
485413905 631062009 882157570 1133253131 1384348692 rectangle
485644069 630963777 882174420 1133385063 1384595706 rectangle
492327664 630510192 884904625 1139299058 1393693491 rectangle
492481148 635258268 882636813 1130015358 1377393903 rectangle
492557828 632615406 886276910 1139938414 1393599918 terminal_full
492711312 632844057 886539555 1140235053 1393930551 rectangle
493103440 632606744 886455871 1140304998 1394154125 rectangle
493333604 632936904 886777815 1140618726 1394459637 rectangle
493487088 632600387 886684069 1140767751 1394851433 rectangle
493879216 635111396 882166086 1129220776 1376275466 rectangle
494032700 635026138 882157570 1129289002 1376420434 rectangle
494109380 632605393 886999925 1141394457 1395788989 rectangle
494424828 494424828 630739934 767055040 903370146 anchor_completion
494654992 494654992 630970098 767285204 903600310 anchor_completion
494885156 494885156 630970098 767055040 903139982 anchor_completion
495200604 634618669 882261886 1129905103 1377548320 rectangle
495430768 630823982 886769967 1142715952 1398661937 rectangle
495584252 634683417 882590625 1130497833 1378405041 rectangle
495899700 634880813 882715581 1130550349 1378385117 rectangle
495976380 634932362 882805470 1130678578 1378551686 rectangle
496206544 633014232 882166086 1131317940 1380469794 rectangle
