538618459 613952593 884357112 1154761631 1425166150 rectangle
538695181 613952684 884348854 1154745024 1425141194 rectangle
538771943 615913311 884254990 1152596669 1420938348 rectangle
538848623 613926140 884352104 1154778068 1425204032 rectangle
538925345 615913402 884493410 1153073418 1421653426 rectangle
539164071 613726253 884356868 1154987483 1425618098 rectangle
539240793 615913398 884485215 1153057032 1421628849 rectangle
539317555 613731230 884485297 1155239364 1425993431 rectangle
539394235 613726013 884586825 1155447637 1426308449 rectangle
539470957 614062525 884680668 1155298811 1425916954 rectangle
539547719 616006569 884731849 1153457129 1422182409 rectangle
539624399 613726253 884587032 1155447811 1426308590 rectangle
539939847 614058003 884910591 1155763179 1426615767 rectangle
540016569 613741025 883949582 1154158139 1424366696 rectangle
540170011 615913008 884902724 1153892440 1422882156 rectangle
540246733 614186648 884355954 1154525260 1424694566 rectangle
540323495 614049267 884256954 1154464641 1424672328 rectangle
540562181 613815910 884258851 1154701792 1425144733 rectangle
540638943 618487587 886590715 1154693843 1422796971 rectangle
540715623 613954251 884358002 1154761753 1425165504 rectangle
540792345 613815910 884258851 1154701792 1425144733 rectangle
540869107 618382915 886601125 1154819335 1423037545 rectangle
540945787 618342158 886598708 1154855258 1423111808 rectangle
541022509 618389144 886684055 1154978966 1423273877 rectangle
541261235 618374723 886788997 1155203271 1423617545 rectangle
541337957 613647124 884358651 1155070178 1425781705 rectangle
541414719 613730993 884485241 1155239489 1425993737 rectangle
541491399 618155140 886684496 1155213852 1423743208 rectangle
541568121 618256851 886824568 1155392285 1423960002 rectangle
541644883 618155809 886770931 1155386053 1424001175 rectangle
541721563 618144559 886788997 1155433435 1424077873 rectangle
542812756 616006565 886364361 1156722157 1427079953 rectangle
543588532 615836378 886582062 1157327746 1428073430 rectangle
544134144 614284433 886352301 1158420169 1430488037 terminal_full
544364308 615776268 886909840 1158043412 1429176984 rectangle
545140084 613909401 886594525 1159279649 1431964773 rectangle
545455532 613739214 886582062 1159424910 1432267758 rectangle
545685696 613720067 886677997 1159635927 1432593857 rectangle
545915860 613969378 886812226 1159655074 1432497922 rectangle
546231308 613909268 886909840 1159910412 1432910984 rectangle
547007084 615828420 898935090 1182041760 1465148430 rectangle
548251719 632599042 899384875 1166170708 1432956541 rectangle
548328481 616382259 898935108 1181487957 1464040806 rectangle
548405161 616297932 898935857 1181573782 1464211707 rectangle
548481883 632596813 899497728 1166398643 1433299558 rectangle
548558645 616256616 898924547 1181592478 1464260409 rectangle
548635325 632605070 899582706 1166560342 1433537978 rectangle
548712047 616281583 899026215 1181770847 1464515479 rectangle
549027495 616049905 898952187 1181854469 1464756751 rectangle
549104257 632920597 899037381 1165154165 1431270949 rectangle
549257659 615915301 898932739 1181950177 1464967615 rectangle
549334421 616066176 899121995 1182177814 1465233633 rectangle
549411101 616282267 899260487 1182238707 1465216927 rectangle
549649869 615823171 899036714 1182250257 1465463800 rectangle
549726549 632694147 899122077 1165550007 1431977937 rectangle
549803271 615821255 899111499 1182401743 1465691987 rectangle
549880033 632613806 899166548 1165719290 1432272032 rectangle
549956713 632553485 899259172 1165964859 1432670546 rectangle
550033435 616006576 899411902 1182817228 1466222554 rectangle
550110197 615823171 899266878 1182710585 1466154292 rectangle
550348883 615821825 899384875 1182947925 1466510975 rectangle
550425645 618479423 901032272 1183585121 1466137970 rectangle
550502325 615819618 899506127 1183192636 1466879145 rectangle
550579047 615819596 899497728 1183175860 1466853992 rectangle
550655809 618353780 901021711 1183689642 1466357573 rectangle
550732489 618334195 901040466 1183746737 1466453008 rectangle
550809211 618378747 901123379 1183868011 1466612643 rectangle
551124659 630593445 898935109 1167276773 1435618437 rectangle
551201421 618093152 901033889 1183974626 1466915363 rectangle
551354823 618012465 901029903 1184047341 1467064779 rectangle
551431585 618163340 901219159 1184274978 1467330797 rectangle
551508265 614372038 899353943 1184335848 1469317753 rectangle
551747033 617920335 901133878 1184347421 1467560964 rectangle
551823713 618027018 901229041 1184431064 1467633087 rectangle
551900435 617918419 901208663 1184498907 1467789151 rectangle
551977197 617933833 901262458 1184591083 1467919708 rectangle
552053877 630456321 899259172 1168062023 1436864874 rectangle
552130599 618103740 901509066 1184914392 1468319718 rectangle
552207361 617920335 901364042 1184807749 1468251456 rectangle
552446047 617918989 901482039 1185045089 1468608139 rectangle
552522809 614285095 898935108 1183585121 1468235134 rectangle
552599489 614200768 898935857 1183670946 1468406035 rectangle
552676211 617916760 901594892 1185273024 1468951156 rectangle
552752973 614159452 898924547 1183689642 1468454737 rectangle
552829653 617925017 901679870 1185434723 1469189576 rectangle
552906375 614184419 899026215 1183868011 1468709807 rectangle
553844124 630503162 899036800 1167570438 1436104076 rectangle
554074288 630508572 899130982 1167753392 1436375802 terminal_full
554227772 630686683 899412145 1168137607 1436863069 rectangle
554304452 630503162 899266964 1168030766 1436794568 rectangle
554543220 629145601 899030936 1168916271 1438801606 rectangle
554619900 630643273 899497709 1168352145 1437206581 rectangle
554850064 630963492 901048682 1171133872 1441219062 rectangle
555003548 629145601 899261100 1169376599 1439492098 rectangle
555318996 632826974 901049284 1169271594 1437493904 rectangle
555395676 630508478 901032207 1171555936 1442079665 rectangle
555625840 630746224 901219302 1171692380 1442165458 rectangle
556094772 632928710 901372968 1169817226 1438261484 rectangle
556171452 632605736 901228146 1169850556 1438472966 rectangle
556401616 630503162 901364128 1172225094 1443086060 rectangle
556870548 630823593 901032271 1171240949 1441449627 rectangle
556947228 630963492 901048682 1171133872 1441219062 rectangle
557646324 630593364 901032207 1171471050 1441909893 rectangle
557723004 630746224 901219302 1171692380 1442165458 rectangle
558038452 630503162 901133964 1171764766 1442395568 rectangle
558191936 613731373 901220837 1188710301 1476199765 rectangle
558422100 630686683 901509309 1172331935 1443154561 rectangle
558498780 630503162 901364128 1172225094 1443086060 rectangle
559436571 632615432 903054127 1173492822 1443931517 rectangle
559513251 616049776 903146428 1190243080 1477339732 rectangle
559589973 616006565 903141578 1190276591 1477411604 rectangle
559666735 616049821 903223215 1190396609 1477570003 rectangle
559743415 615915333 903127067 1190338801 1477550535 rectangle
559820137 615836012 903086107 1190336202 1477586297 rectangle
559896899 632615432 903284291 1173953150 1444622009 rectangle
560135585 632291341 903131361 1173971381 1444811401 rectangle
560212347 615913396 903359596 1190805796 1478251996 rectangle
560289027 615831527 903316067 1190800607 1478285147 rectangle
560365749 615836378 903359279 1190882180 1478405081 rectangle
560442511 632291341 903233006 1174174671 1445116336 rectangle
560519191 616006531 903606153 1191205775 1478805397 rectangle
560595913 632291341 903361525 1174431709 1445501893 rectangle
560834639 618473774 898937033 1179400292 1459863551 rectangle
560911361 618479454 898935134 1179390814 1459846494 terminal_full
560988123 631164939 903223656 1175282373 1447341090 rectangle
561064803 615819612 903692040 1191564468 1479436896 rectangle
561141525 615776268 903687057 1191597846 1479508635 rectangle
561218287 615514124 903463294 1191412464 1479361634 rectangle
561294967 618243610 898937033 1179630456 1460323879 rectangle
561533735 618010252 898938970 1179867688 1460796406 rectangle
561610415 613952612 903146428 1192340244 1481534060 rectangle
561687137 618148547 899038055 1179927563 1460817071 rectangle
561763899 613952657 903223215 1192493773 1481764331 rectangle
561840579 618248986 899123336 1179997686 1460872036 rectangle
561917301 618120405 899032167 1179943929 1460855691 rectangle
561994063 618010252 899169134 1180328016 1461486898 rectangle
562232749 618011978 899174292 1180336606 1461498920 rectangle
562309511 613816232 903359596 1192902960 1482446324 rectangle
562386191 613734363 903316067 1192897771 1482479475 rectangle
562462913 618333934 899360869 1180387804 1461414739 rectangle
562539675 618244323 899352310 1180460297 1461568284 rectangle
562616355 617920094 899275160 1180630226 1461985292 rectangle
562693077 618011978 899404456 1180796934 1462189412 rectangle
562931803 616374003 898935194 1181496385 1464057576 rectangle
563008525 618028220 899486543 1180944866 1462403189 rectangle
563085287 617918373 899506956 1181095539 1462684122 rectangle
563161967 613722448 903692040 1193661632 1483631224 rectangle
563238689 649842856 915729347 1181615838 1447502329 rectangle
563315451 649799342 915724335 1181649328 1447574321 rectangle
563392131 649851112 915814324 1181777536 1447740748 rectangle
563630899 616049760 899028904 1182008048 1464987192 rectangle
563707579 616049762 898952131 1181854500 1464756869 rectangle
563784301 649569783 915729080 1181888377 1448047674 rectangle
563861063 649616212 915814011 1182011810 1448209609 rectangle
563937743 649484438 915720577 1181956716 1448192855 rectangle
564014465 616382872 899272769 1182162666 1465052563 rectangle
564091227 615819596 899028904 1182238212 1465447520 rectangle
565259100 615819596 899497728 1183175860 1466853992 rectangle
565489264 616143555 898935107 1181726659 1464518211 rectangle
566034876 615913392 898935109 1181956826 1464978543 terminal_full
566810652 615821255 899341663 1182862071 1466382479 rectangle
567126100 616049760 899497728 1182945696 1466393664 rectangle
567586428 614184419 899026215 1183868011 1468709807 rectangle
567901876 613816228 898935109 1184053990 1469172871 rectangle
568677652 613724091 899111499 1184498907 1469886315 rectangle
569453428 613722432 899497728 1185273024 1471048320 rectangle
570621341 613818133 899174743 1184531353 1469887963 rectangle
570698063 613647124 899038704 1184430284 1469821864 rectangle
570774825 613730993 899165294 1184599595 1470033896 rectangle
570851505 613731355 899130982 1184530609 1469930236 terminal_full
570928227 614046195 899352676 1184659157 1469965638 rectangle
571004989 613725689 899275073 1184824457 1470373841 rectangle
571081669 613818133 899404907 1184991681 1470578455 rectangle
571320437 614276903 901032411 1187787919 1474543427 rectangle
571397117 613866056 899497709 1185129362 1470761015 rectangle
571473839 613724055 899506914 1185289773 1471072632 rectangle
571550601 616142916 901035552 1185928188 1470820824 rectangle
571627281 647745694 917826481 1187907268 1457988055 rectangle
571704003 647702235 917821504 1187940773 1458060042 rectangle
571780765 647753949 917911478 1188069007 1458226536 rectangle
